23.70138168334961
16.293384552001953
12.256621360778809
9.264028549194336
8.075960159301758
7.0686259269714355
5.674826145172119
4.928214073181152
4.470295429229736
4.18895959854126
3.4462149143218994
3.0947458744049072
2.8300626277923584
2.621593713760376
2.488485336303711
2.2886617183685303
2.1756179332733154
2.022273540496826
1.9279271364212036
1.827216625213623
1.754103183746338
1.6719143390655518
1.612176775932312
1.54728102684021
1.4981292486190796
1.4456042051315308
1.4045757055282593
1.3611481189727783
1.3264689445495605
1.2901029586791992
1.2605174779891968
1.2296624183654785
1.2041727304458618
1.1776902675628662
1.1555534601211548
1.1326274871826172
1.1132690906524658
1.093253493309021
1.076208233833313
1.0586050748825073
1.043514370918274
1.0279403924942017
1.0145111083984375
1.0006542205810547
0.9886425733566284
0.976250946521759
0.9654655456542969
0.9543353319168091
0.9446149468421936
0.934575617313385
0.9257811903953552
0.9166936874389648
0.9087135195732117
0.9004601836204529
0.8931980729103088
0.8856788873672485
0.8790497779846191
0.8721802830696106
0.8661171197891235
0.8598245978355408
0.8542644381523132
0.8484877943992615
0.8433777093887329
0.8182417154312134
0.7870041728019714
0.7660991549491882
0.7475579380989075
0.7306112051010132
0.7149093747138977
0.7002477049827576
0.6864917874336243
0.6735447645187378
0.6613321900367737
0.6497917771339417
0.6388696432113647
0.6285210251808167
0.6187070608139038
0.6093865036964417
0.60052889585495
0.5921040177345276
0.5840815305709839
0.576438307762146
0.5691508054733276
0.5621965527534485
0.5555561780929565
0.5492109656333923
0.5431453585624695
0.537341833114624
0.531786322593689
0.5264660120010376
0.5213672518730164
0.516478955745697
0.5117891430854797
0.5072891712188721
0.5029678344726562
0.49881649017333984
0.4948276877403259
0.4909918010234833
0.4873036742210388
0.4837538003921509
0.4803369343280792
0.4770473539829254
0.473877876996994
0.47082364559173584
0.46787944436073303
0.46504130959510803
0.46230342984199524
0.4596618413925171
0.4571104943752289
0.4546489119529724
0.4522705078125
0.449972927570343
0.4477536082267761
0.44560739398002625
0.44353359937667847
0.441526859998703
0.4395851492881775
0.43770748376846313
0.43588972091674805
0.43413007259368896
0.4324266016483307
0.4307765066623688
0.4291777014732361
0.42762914299964905
0.4261277914047241
0.42467305064201355
0.4232613146305084
0.42189380526542664
0.4109370708465576
0.40297362208366394
0.39565223455429077
0.38885417580604553
0.38250014185905457
0.3765334486961365
0.37091264128685
0.3656036853790283
0.3605799078941345
0.3558163642883301
0.35129445791244507
0.3469964563846588
0.34290626645088196
0.3390096127986908
0.3352944850921631
0.3317488729953766
0.32836270332336426
0.3251250088214874
0.32202810049057007
0.319063663482666
0.3162229359149933
0.31349992752075195
0.31088772416114807
0.30838003754615784
0.3059713542461395
0.3036552369594574
0.30142834782600403
0.2992847263813019
0.29722124338150024
0.2952333986759186
0.29331639409065247
0.291467547416687
0.28968411684036255
0.28796225786209106
0.28629857301712036
0.28469133377075195
0.2831375300884247
0.2816341519355774
0.2801796495914459
0.27877184748649597
0.27740857005119324
0.27608707547187805
0.2748071849346161
0.27356547117233276
0.2723611295223236
0.2711932063102722
0.27005934715270996
0.2689583897590637
0.2678888738155365
0.26685020327568054
0.2658408582210541
0.26485928893089294
0.26390478014945984
0.26297613978385925
0.26207295060157776
0.2611939609050751
0.26033809781074524
0.2595048248767853
0.2586931586265564
0.25790271162986755
0.25713178515434265
0.256380558013916
0.25564876198768616
0.2549343705177307
0.25423774123191833
0.253558874130249
0.2528960108757019
0.25224900245666504
0.25161758065223694
0.2510002851486206
0.250398725271225
0.2498103678226471
0.24923542141914368
0.24867434799671173
0.24812614917755127
0.2475898116827011
0.24706563353538513
0.24655313789844513
0.24605217576026917
0.24556219577789307
0.24508313834667206
0.24461379647254944
0.2441549152135849
0.24370573461055756
0.2432662546634674
0.24283576011657715
0.2424149513244629
0.24200206995010376
0.24159817397594452
0.2412024438381195
0.2408151626586914
0.2404354065656662
0.24006348848342896
0.2396988421678543
0.23934142291545868
0.2389911264181137
0.23864787817001343
0.2383115440607071
0.23798145353794098
0.23765762150287628
0.23734040558338165
0.2370288372039795
0.23672373592853546
0.23642423748970032
0.2361302673816681
0.23584195971488953
0.23555852472782135
0.2352808117866516
0.23500804603099823
0.2347404658794403
0.23447738587856293
0.23421941697597504
0.2339661419391632
0.23371723294258118
0.233472540974617
0.2332325130701065
0.23299665749073029
0.23276516795158386
0.2325376272201538
0.23231369256973267
0.2320939153432846
0.2318781316280365
0.2316659539937973
0.2314569056034088
0.231251522898674
0.23105047643184662
0.2308519184589386
0.2306572049856186
0.23046500980854034
0.2302764505147934
0.2300914078950882
0.22990873456001282
0.22972914576530457
0.22955305874347687
0.22937950491905212
0.22920826077461243
0.22903989255428314
0.2288747876882553
0.228711798787117
0.22855150699615479
0.22839383780956268
0.22823841869831085
0.22808560729026794
0.22793573141098022
0.22778724133968353
0.22764135897159576
0.2274976372718811
0.22735655307769775
0.2272171676158905
0.22708015143871307
0.22694477438926697
0.22681179642677307
0.22668057680130005
0.2265516221523285
0.22642414271831512
0.22629857063293457
0.2261756807565689
0.22605368494987488
0.22593361139297485
0.22581560909748077
0.22569899260997772
0.22558394074440002
0.22547045350074768
0.22535930573940277
0.22524908185005188
0.22514066100120544
0.22503376007080078
0.22492839395999908
0.2248249053955078
0.22472204267978668
0.2246209681034088
0.2245209664106369
0.22442269325256348
0.22432628273963928
0.22423017024993896
0.22413556277751923
0.2240423858165741
0.22395052015781403
0.223859965801239
0.22377079725265503
0.22368223965168
0.22359539568424225
0.22350896894931793
0.2234243005514145
0.22334113717079163
0.2232578843832016
0.22317606210708618
0.22309623658657074
0.22301650047302246
0.2229381799697876
0.22286051511764526
0.22278408706188202
0.2227085828781128
0.22263365983963013
0.2225608378648758
0.2224876433610916
0.22241607308387756
0.22234517335891724
0.22227510809898376
0.22220638394355774
0.22213773429393768
0.22207041084766388
0.22200345993041992
0.22193793952465057
0.22187289595603943
0.22180886566638947
0.221745103597641
0.2216825932264328
0.2216203361749649
0.22155924141407013
0.22149872779846191
0.22143866121768951
0.221379816532135
0.22132185101509094
0.22126367688179016
0.22120697796344757
0.22115038335323334
0.2210947424173355
0.22103968262672424
0.22098515927791595
0.22093133628368378
0.22087818384170532
0.22082558274269104
0.22077365219593048
0.220722034573555
0.22067102789878845
0.22062113881111145
0.22057141363620758
0.22052232921123505
0.22047342360019684
0.22042562067508698
0.22037747502326965
0.22033074498176575
0.2202843427658081
0.22023844718933105
0.2201925814151764
0.22014784812927246
0.22010357677936554
0.22005966305732727
0.2200155407190323
0.21997258067131042
0.21993038058280945
0.2198878973722458
0.2198462188243866
0.21980448067188263
0.21976372599601746
0.21972349286079407
0.2196834683418274
0.21964433789253235
0.219604954123497
0.2195659726858139
0.21952761709690094
0.2194894403219223
0.21945229172706604
0.21941505372524261
0.21937821805477142
0.21934179961681366
0.21930554509162903
0.21926987171173096
0.21923452615737915
0.21919980645179749
0.21916477382183075
0.21913079917430878
0.2190966010093689
0.2190631628036499
0.21902988851070404
0.21899694204330444
0.2189645916223526
0.21893210709095
0.21889981627464294
0.21886837482452393
0.21883739531040192
0.21880634129047394
0.2187751978635788
0.21874479949474335
0.21871468424797058
0.21868503093719482
0.21865501999855042
0.21862609684467316
0.21859663724899292
0.21856831014156342
0.21853986382484436
0.21851147711277008
0.21848388016223907
0.21845610439777374
0.21842867136001587
0.21840189397335052
0.21837453544139862
0.21834787726402283
0.21832159161567688
0.21829548478126526
0.2182694524526596
0.21824412047863007
0.2182188332080841
0.21819338202476501
0.2181681990623474
0.21814391016960144
0.21811917424201965
0.21809472143650055
0.21807099878787994
0.21804682910442352
0.21802349388599396
0.2180001437664032
0.21797657012939453
0.21795392036437988
0.21793118119239807
0.21790848672389984
0.2178857922554016
0.2178640067577362
0.21784210205078125
0.21782033145427704
0.2177988737821579
0.2177770584821701
0.21775615215301514
0.2177349179983139
0.21771441400051117
0.2176937609910965
0.21767304837703705
0.2176528424024582
0.21763263642787933
0.21761295199394226
0.21759316325187683
0.21757332980632782
0.21755430102348328
0.21753482520580292
0.21751539409160614
0.2174966186285019
0.2174777090549469
0.21745917201042175
0.21744109690189362
0.21742276847362518
0.21740446984767914
0.21738655865192413
0.21736860275268555
0.21735122799873352
0.21733377873897552
0.21731628477573395
0.21729876101016998
0.21728156507015228
0.21726487576961517
0.21724800765514374
0.21723149716854095
0.21721476316452026
0.21719889342784882
0.217182457447052
0.21716630458831787
0.2171505242586136
0.21713458001613617
0.2171187549829483
0.2171032428741455
0.2170880287885666
0.21707233786582947
0.21705710887908936
0.21704190969467163
0.21702726185321808
0.21701239049434662
0.21699757874011993
0.21698322892189026
0.21696852147579193
0.21695417165756226
0.21693989634513855
0.216925710439682
0.21691177785396576
0.2168980985879898
0.21688394248485565
0.21687030792236328
0.21685683727264404
0.21684321761131287
0.21683001518249512
0.21681678295135498
0.21680369973182678
0.21679040789604187
0.2167777270078659