4.187304496765137
4.157234191894531
4.158010005950928
4.164465427398682
4.167165279388428
4.147117614746094
4.1392107009887695
4.128357887268066
4.118183135986328
4.089299201965332
4.075236797332764
4.062886714935303
4.051692485809326
4.0430426597595215
4.030815124511719
4.023168563842773
4.013462066650391
4.006965160369873
3.9999642372131348
3.9943912029266357
3.988361358642578
3.98358416557312
3.9785735607147217
3.9744441509246826
3.970201253890991
3.9666035175323486
3.962961196899414
3.959810256958008
3.9566597938537598
3.953885793685913
3.9511373043060303
3.948681354522705
3.94626522064209
3.9440810680389404
3.9419453144073486
3.9399948120117188
3.938096046447754
3.9363465309143066
3.934650421142578
3.9330756664276123
3.931554079055786
3.930133581161499
3.928762435913086
3.9274754524230957
3.9262359142303467
3.925067186355591
3.9239437580108643
3.9228789806365967
3.9218571186065674
3.9208858013153076
3.919954776763916
3.9190659523010254
3.9182143211364746
3.9173996448516846
3.916618824005127
3.9158713817596436
3.9151546955108643
3.9144675731658936
3.913806915283203
3.9131736755371094
3.9125657081604004
3.9119813442230225
3.9107506275177
3.9076316356658936
3.9053733348846436
3.9032678604125977
3.9012818336486816
3.8994011878967285
3.8976166248321533
3.895920991897583
3.8943066596984863
3.892768621444702
3.8913018703460693
3.8899002075195312
3.8885610103607178
3.887280225753784
3.8860535621643066
3.8848788738250732
3.8837525844573975
3.88267183303833
3.8816349506378174
3.880638837814331
3.8796825408935547
3.87876296043396
3.877878427505493
3.877027988433838
3.876209259033203
3.8754212856292725
3.874662160873413
3.8739306926727295
3.8732261657714844
3.872547149658203
3.871892213821411
3.8712596893310547
3.87065052986145
3.8700621128082275
3.869494676589966
3.8689465522766113
3.8684165477752686
3.8679046630859375
3.867410659790039
3.8669326305389404
3.8664710521698
3.8660240173339844
3.8655927181243896
3.8651750087738037
3.8647706508636475
3.8643791675567627
3.8640007972717285
3.8636341094970703
3.863279342651367
3.8629353046417236
3.862602710723877
3.8622798919677734
3.861967086791992
3.861663818359375
3.861370086669922
3.8610856533050537
3.860809087753296
3.860541582107544
3.860281467437744
3.8600289821624756
3.8597843647003174
3.8595471382141113
3.85931658744812
3.8590924739837646
3.8588757514953613
3.8580827713012695
3.856801986694336
3.8555896282196045
3.8544399738311768
3.8533501625061035
3.8523123264312744
3.851325273513794
3.8503830432891846
3.8494832515716553
3.848623037338257
3.847799062728882
3.8470096588134766
3.846252202987671
3.8455255031585693
3.8448269367218018
3.8441555500030518
3.8435096740722656
3.8428878784179688
3.8422889709472656
3.841712236404419
3.8411567211151123
3.840620517730713
3.8401031494140625
3.839604139328003
3.8391225337982178
3.8386566638946533
3.838207244873047
3.8377721309661865
3.8373513221740723
3.836944580078125
3.836550235748291
3.8361690044403076
3.8357999324798584
3.835442304611206
3.8350956439971924
3.83475923538208
3.8344333171844482
3.8341166973114014
3.8338100910186768
3.8335120677948
3.8332221508026123
3.832942247390747
3.8326687812805176
3.8324036598205566
3.8321449756622314
3.831894636154175
3.831650972366333
3.8314130306243896
3.8311822414398193
3.8309578895568848
3.8307385444641113
3.8305256366729736
3.830317258834839
3.8301150798797607
3.8299179077148438
3.829725742340088
3.829538345336914
3.8293564319610596
3.8291776180267334
3.8290035724639893
3.828833818435669
3.8286683559417725
3.8285071849823
3.8283488750457764
3.828195333480835
3.8280441761016846
3.827897310256958
3.827753782272339
3.8276138305664062
3.8274762630462646
3.8273422718048096
3.8272111415863037
3.827082395553589
3.8269574642181396
3.8268349170684814
3.8267147541046143
3.8265974521636963
3.8264827728271484
3.8263702392578125
3.8262600898742676
3.8261520862579346
3.8260467052459717
3.8259434700012207
3.8258423805236816
3.8257431983947754
3.825646162033081
3.8255507946014404
3.825457811355591
3.825366735458374
3.8252766132354736
3.8251893520355225
3.825103521347046
3.825019121170044
3.8249359130859375
3.824854612350464
3.824775457382202
3.8246965408325195
3.8246209621429443
3.8245456218719482
3.824472188949585
3.824399948120117
3.824328660964966
3.8242592811584473
3.8241913318634033
3.8241238594055176
3.8240573406219482
3.8239924907684326
3.82392954826355
3.823866605758667
3.823805570602417
3.823745012283325
3.823685884475708
3.8236279487609863
3.823570966720581
3.823514699935913
3.8234596252441406
3.8234050273895264
3.823352098464966
3.8232991695404053
3.8232479095458984
3.823197603225708
3.823147773742676
3.82309889793396
3.8230507373809814
3.823003053665161
3.8229565620422363
3.8229105472564697
3.822866201400757
3.8228211402893066
3.822777509689331
3.82273530960083
3.822692632675171
3.822650909423828
3.8226096630096436
3.822570562362671
3.822530508041382
3.82249116897583
3.822453022003174
3.8224148750305176
3.822377920150757
3.822340488433838
3.82230544090271
3.8222694396972656
3.8222343921661377
3.822199583053589
3.8221657276153564
3.822132110595703
3.822099447250366
3.8220670223236084
3.8220348358154297
3.8220036029815674
3.821972370147705
3.821941375732422
3.821911573410034
3.8218812942504883
3.821851968765259
3.8218231201171875
3.8217949867248535
3.8217670917510986
3.8217389583587646
3.821711778640747
3.8216843605041504
3.821657657623291
3.8216307163238525
3.821606397628784
3.821580648422241
3.8215553760528564
3.8215301036834717
3.8215062618255615
3.8214821815490723
3.821457862854004
3.821434497833252
3.8214111328125
3.8213889598846436
3.8213658332824707
3.8213441371917725
3.821321487426758
3.8213002681732178
3.8212783336639404
3.8212571144104004
3.8212361335754395
3.821215867996216
3.821194887161255
3.8211758136749268
3.8211560249328613
3.821136236190796
3.8211166858673096
3.8210980892181396
3.8210792541503906
3.8210601806640625
3.8210418224334717
3.82102370262146
3.8210060596466064
3.820988178253174
3.8209705352783203
3.820953607559204
3.8209362030029297
3.8209197521209717
3.8209030628204346
3.82088565826416
3.8208701610565186
3.8208539485931396
3.820838212966919
3.8208224773406982
3.8208065032958984
3.820791721343994
3.8207759857177734
3.8207614421844482
3.820746660232544
3.8207321166992188
3.8207175731658936
3.8207027912139893
3.8206894397735596
3.8206756114959717
3.8206613063812256
3.8206474781036377
3.820634126663208
3.820620536804199
3.820607900619507
3.820594549179077
3.8205814361572266
3.820568561553955
3.820556402206421
3.8205440044403076
3.8205316066741943
3.820518970489502
3.820507049560547
3.820495367050171
3.820483446121216
3.820472002029419
3.820460081100464
3.820449113845825
3.820437431335449
3.8204262256622314
3.820415496826172
3.820404529571533
3.8203938007354736
3.820383071899414
3.8203723430633545
3.8203611373901367
3.8203513622283936
3.8203413486480713
3.8203303813934326
3.8203208446502686
3.820310592651367
3.820300817489624
3.8202908039093018
3.820281982421875
3.820272445678711
3.8202621936798096
3.820253372192383
3.8202438354492188
3.820234775543213
3.820225954055786
3.8202168941497803
3.8202080726623535
3.8201987743377686
3.8201904296875
3.8201816082000732
3.8201730251312256
3.820164442062378
3.8201560974121094
3.820147752761841
3.8201401233673096
3.820131778717041
3.8201229572296143
3.820115804672241
3.82010817527771
3.8201000690460205
3.820091962814331
3.8200843334198
3.8200771808624268
3.8200695514678955
3.8200623989105225
3.820054292678833
3.82004714012146
3.820040225982666
3.820032835006714
3.820026159286499
3.820018768310547
3.820011854171753
3.820005178451538
3.819997787475586
3.81999135017395
3.8199846744537354
3.8199775218963623
3.8199715614318848
3.819964647293091
3.819958448410034
3.8199517726898193
3.8199450969696045
3.8199381828308105
3.819932222366333
3.819927215576172
3.819920778274536
3.819915533065796
3.819908857345581
3.8199031352996826
3.819896697998047
3.8198916912078857
3.819885015487671
3.8198800086975098
3.8198742866516113
3.8198676109313965
3.8198630809783936
3.819857358932495
3.8198516368865967
3.8198463916778564
3.819840669631958
3.819836139678955
3.8198304176330566
3.8198254108428955
3.819819688796997
3.819814682006836
3.819809675216675
3.8198049068450928
3.8197999000549316
3.8197944164276123
3.8197903633117676
3.819784641265869
3.8197803497314453
3.819775104522705
3.819770574569702
3.81976580619812
3.819761037826538
3.819756507873535
3.8197522163391113
3.81974720954895
3.819742202758789
3.819737672805786
3.8197343349456787
3.8197295665740967
3.8197243213653564
3.819721221923828
3.819716691970825
3.8197128772735596
3.8197083473205566
3.8197033405303955
3.8196990489959717
3.8196957111358643
3.8196918964385986
3.819687604904175
3.819683790206909
3.8196799755096436
3.819675922393799
3.819671869277954
3.8196682929992676
3.819664478302002
3.8196604251861572
3.8196566104888916
3.819653272628784
3.8196489810943604
3.819646120071411
3.8196418285369873
3.819638967514038
3.8196346759796143
3.8196303844451904
3.8196282386779785
3.819624185562134
3.8196206092834473
3.819617509841919
3.8196144104003906
3.8196113109588623
3.8196072578430176
3.8196041584014893
3.81960129737854
3.8195972442626953
3.819594621658325
3.8195912837982178
3.8195884227752686
3.819585084915161
3.8195812702178955
3.8195786476135254