0.5360535979270935
0.5361067056655884
0.5361603498458862
0.5362144708633423
0.5362693667411804
0.5363248586654663
0.5363807678222656
0.5364373922348022
0.5364946126937866
0.5365521907806396
0.5366103649139404
0.5366691946983337
0.5367283821105957
0.5367881655693054
0.5368484258651733
0.5369091629981995
0.5369706153869629
0.537032425403595
0.53709477186203
0.5371575951576233
0.53722083568573
0.5372846126556396
0.5373488664627075
0.5374135971069336
0.5374789237976074
0.5375446081161499
0.5376107692718506
0.5376774072647095
0.537744402885437
0.5378119349479675
0.5378798842430115
0.5379482507705688
0.5380170941352844
0.5380864143371582
0.5381561517715454
0.538226306438446
0.5382968783378601
0.5383679270744324
0.5384392738342285
0.5385110974311829
0.5385833978652954
0.5386561751365662
0.5387291312217712
0.5388025641441345
0.5388763546943665
0.538950502872467
0.5390251874923706
0.5391001105308533
0.5391755104064941
0.5392512083053589
0.5393272042274475
0.5394036769866943
0.539480447769165
0.5395575761795044
0.5396350026130676
0.5397127270698547
0.5397909283638
0.5398693680763245
0.5399481654167175
0.5400272011756897
0.5401067137718201
0.5401865243911743
0.540266752243042
0.540347158908844
0.5404280424118042
0.540509045124054
0.5405904054641724
0.5406721234321594
0.5407541394233704
0.5408364534378052
0.5409188866615295
0.5410017967224121
0.5410848259925842
0.5411683917045593
0.5412521362304688
0.541336178779602
0.5414204597473145
0.541504979133606
0.5415898561477661
0.5416749715805054
0.5417603850364685
0.5418460369110107
0.5419319272041321
0.5420179963111877
0.5421043634414673
0.5421910285949707
0.5422778725624084
0.5423650741577148
0.5424523949623108
0.5425401329994202
0.5426279902458191
0.5427161455154419
0.542804479598999
0.5428929328918457
0.5429818034172058
0.543070912361145
0.5431600213050842
0.5432494282722473
0.5433390736579895
0.5434289574623108
0.5435190796852112
0.5436093807220459
0.5436998605728149
0.5437905788421631
0.5438814163208008
0.5439725518226624
0.5440638661384583
0.5441553592681885
0.5442469120025635
0.5443388223648071
0.5444308519363403
0.5445230603218079
0.5446154475212097
0.5447080731391907
0.544800877571106
0.5448938012123108
0.54498690366745
0.5450801849365234
0.5451736450195312
0.5452672839164734
0.5453610420227051
0.5454549789428711
0.5455489754676819
0.5456432104110718
0.5457376837730408
0.5458323359489441
0.545927107334137
0.5460219979286194
0.5461170673370361
0.5462121963500977
0.5463076233863831
0.5464031100273132
0.5464987754821777
0.5465945601463318
0.5466904640197754
0.5467865467071533
0.5468826293945312
0.5469790101051331
0.5470753908157349
0.5471720099449158
0.5472686886787415
0.5473655462265015
0.5474624633789062
0.5475594401359558
0.5476565361022949
0.5477537512779236
0.5478512048721313
0.5479487180709839
0.548046350479126
0.5481441020965576
0.5482419729232788
0.5483399629592896
0.5484380722045898
0.5485361218452454
0.5486344695091248
0.5487328767776489
0.5488313436508179
0.5489299297332764
0.5490286350250244
0.5491273999214172
0.5492262244224548
0.5493251085281372
0.5494239926338196
0.5495231747627258
0.5496223568916321
0.5497216582298279
0.5498210787773132
0.5499204397201538
0.5500199794769287
0.5501196384429932
0.5502194166183472
0.5503191947937012
0.5504189729690552
0.550518810749054
0.5506188273429871
0.5507189035415649
0.5508190989494324
0.5509192943572998
0.5510196089744568
0.5511199235916138
0.5512203574180603
0.5513207316398621
0.5514212250709534
0.5515217781066895
0.5516223311424255
0.551723062992096
0.5518239140510559
0.5519247651100159
0.5520256757736206
0.5521265864372253
0.5522276163101196
0.5523286461830139
0.5524296164512634
0.5525307059288025
0.5526318550109863
0.5527329444885254
0.552834153175354
0.5529354214668274
0.5530366897583008
0.5531381368637085
0.5532394647598267