0.16624881327152252
0.16623151302337646
0.1662130206823349
0.16619594395160675
0.1661774069070816
0.16616003215312958
0.16614201664924622
0.16612447798252106
0.16610778868198395
0.16608986258506775
0.1660727858543396
0.1660556197166443
0.16603878140449524
0.1660216748714447
0.1660047471523285
0.1659882813692093
0.16597123444080353
0.16595500707626343
0.1659381091594696
0.16592197120189667
0.16590531170368195
0.16588953137397766
0.16587260365486145
0.16585657000541687
0.16584044694900513
0.16582515835762024
0.16580921411514282
0.1657935529947281
0.16577768325805664
0.16576159000396729
0.16574636101722717
0.16573092341423035
0.16571524739265442
0.1657000035047531
0.16568492352962494
0.1656700223684311
0.1656547486782074
0.1656394600868225
0.16562464833259583
0.16560930013656616
0.16559430956840515
0.16558018326759338
0.16556501388549805
0.1655505895614624
0.1655360609292984
0.16552135348320007
0.16550713777542114
0.16549250483512878
0.16547879576683044
0.16546420753002167
0.16544999182224274
0.165436252951622
0.16542218625545502
0.16540810465812683
0.1653946042060852
0.16538068652153015
0.16536664962768555
0.16535311937332153
0.16533929109573364
0.16532552242279053
0.16531257331371307
0.16529886424541473
0.16528545320034027
0.16527198255062103
0.1652587503194809
0.16524533927440643
0.165232315659523
0.16521933674812317
0.1652061492204666
0.16519299149513245
0.1651800572872162
0.16516771912574768
0.1651550680398941
0.16514232754707336
0.16512943804264069
0.16511717438697815
0.16510483622550964
0.16509222984313965
0.16507968306541443
0.1650671511888504
0.16505485773086548
0.16504232585430145
0.16503039002418518
0.16501788794994354
0.16500574350357056
0.16499380767345428
0.16498206555843353
0.16497038304805756
0.16495825350284576
0.16494661569595337
0.1649344116449356
0.16492292284965515
0.16491076350212097
0.16489920020103455
0.16488787531852722
0.16487634181976318
0.1648647040128708
0.1648530811071396
0.16484177112579346
0.16483120620250702
0.16481941938400269
0.16480763256549835
0.16479657590389252
0.16478516161441803
0.1647745966911316
0.16476354002952576
0.16475270688533783
0.16474135220050812
0.1647302806377411
0.16471968591213226
0.16470859944820404
0.16469821333885193
0.1646871119737625
0.16467635333538055
0.1646658033132553
0.16465549170970917
0.1646442711353302
0.16463465988636017
0.16462372243404388
0.16461342573165894
0.1646023392677307
0.164592444896698
0.16458232700824738
0.1645723134279251
0.16456177830696106
0.1645522564649582
0.16454139351844788
0.16453149914741516
0.1645215004682541
0.16451150178909302
0.16450189054012299
0.16449208557605743
0.1644819676876068
0.16447195410728455
0.16446252167224884
0.16445252299308777
0.16444280743598938
0.16443297266960144
0.16442327201366425
0.1644139587879181
0.16440410912036896
0.1643945425748825
0.16438499093055725
0.16437596082687378
0.16436661779880524
0.1643570065498352
0.16434788703918457
0.16433833539485931
0.1643291413784027
0.16431963443756104
0.16431055963039398
0.16430138051509857
0.1642923504114151
0.16428402066230774
0.1642741858959198
0.16426512598991394
0.1642562299966812
0.16424773633480072
0.16423828899860382
0.16422967612743378
0.16422075033187866
0.16421212255954742
0.16420391201972961
0.1641944944858551
0.1641857624053955
0.16417738795280457
0.16416876018047333
0.16416026651859283
0.16415177285671234
0.16414305567741394
0.164134681224823
0.16412602365016937
0.1641177237033844
0.16410942375659943
0.16410085558891296
0.16409267485141754
0.16408413648605347
0.16407623887062073
0.16406752169132233
0.16405926644802094
0.16405117511749268
0.16404344141483307
0.16403479874134064
0.1640271246433258
0.1640191525220871
0.16401080787181854
0.16400352120399475
0.16399498283863068
0.1639871597290039
0.1639794260263443
0.16397163271903992
0.16396331787109375
0.16395600140094757
0.1639484465122223
0.1639404147863388
0.16393253207206726
0.16392484307289124
0.16391746699810028
0.1639098972082138
0.16390188038349152
0.16389447450637817