3.8137309551239014
3.813727617263794
3.8137242794036865
3.813720703125
3.8137173652648926
3.8137142658233643
3.8137099742889404
3.8137073516845703
3.8137035369873047
3.8137009143829346
3.813697099685669
3.8136932849884033
3.813690662384033
3.8136868476867676
3.8136842250823975
3.813680410385132
3.813678026199341
3.8136746883392334
3.813671350479126
3.8136684894561768
3.8136651515960693
3.8136627674102783
3.8136589527130127
3.8136563301086426
3.8136532306671143
3.813650131225586
3.813647508621216
3.8136444091796875
3.813641309738159
3.813638687133789
3.8136355876922607
3.8136322498321533
3.8136303424835205
3.8136277198791504
3.813624143600464
3.813622236251831
3.8136186599731445
3.8136162757873535
3.8136136531829834
3.813610792160034
3.813607931137085
3.813605546951294
3.813603162765503
3.8136003017425537
3.8135974407196045
3.8135948181152344
3.8135921955108643
3.8135898113250732
3.8135874271392822
3.813585042953491
3.813581943511963
3.81358003616333
3.813577651977539
3.8135745525360107
3.813572645187378
3.8135697841644287
3.813568115234375
3.813565969467163
3.8135628700256348
3.813560962677002
3.813558340072632
3.813555955886841
3.813554048538208
3.813551425933838
3.813549518585205
3.813547134399414
3.813544988632202
3.8135433197021484
3.81354022026062
3.813538074493408
3.8135361671447754
3.8135337829589844
3.8135318756103516
3.8135297298431396
3.813527822494507
3.813525915145874
3.813523530960083
3.81352162361145
3.813519239425659
3.8135173320770264
3.8135154247283936
3.8135135173797607
3.813511371612549
3.813509702682495
3.8135077953338623
3.8135056495666504
3.8135037422180176
3.8135013580322266
3.813499927520752
3.813498020172119
3.8134968280792236
3.8134944438934326
3.8134922981262207
3.813490629196167
3.813488721847534
3.8134872913360596
3.8134851455688477
3.813483476638794
3.8134820461273193
3.8134801387786865
3.8134782314300537
3.813476324081421
3.8134753704071045
3.8134732246398926
3.813471555709839
3.8134701251983643
3.8134686946868896
3.8134663105010986
3.813464879989624
3.8134636878967285
3.8134617805480957
3.813459873199463
3.8134586811065674
3.8134572505950928
3.813455581665039
3.8134543895721436
3.8134524822235107
3.813451051712036
3.8134496212005615
3.813448429107666
3.8134467601776123
3.8134453296661377
3.813443422317505
3.8134427070617676
3.8134407997131348
3.8134396076202393
3.8134377002716064
3.8134357929229736
3.8134353160858154
3.813433885574341
3.8134331703186035
3.8134312629699707
3.813429594039917
3.8134286403656006
3.813427686691284
3.8134255409240723
3.813424825668335
3.8134231567382812
3.813422441482544
3.8134217262268066
3.813419818878174
3.8134191036224365
3.813417434692383
3.8134162425994873
3.8134148120880127
3.813413619995117
3.8134121894836426
3.8134117126464844
3.8134102821350098
3.8134090900421143
3.8134078979492188
3.8134067058563232
3.813405752182007
3.8134052753448486
3.813403367996216
3.8134021759033203
3.813400983810425
3.8134002685546875
3.813399076461792
3.813398838043213
3.813397169113159
3.8133962154388428
3.8133950233459473
3.81339430809021
3.8133931159973145
3.813392400741577
3.8133912086486816
3.813390016555786
3.813389539718628
3.8133888244628906
3.813387393951416
3.8133866786956787
3.813385486602783
3.813384771347046
3.8133835792541504
3.813382863998413
3.813382387161255
3.8133811950683594
3.813380002975464
3.8133792877197266
3.8133785724639893
3.8133773803710938
3.8133761882781982
3.8133761882781982
3.813375234603882
3.8133747577667236
3.813373327255249
3.813372850418091
3.8133721351623535
3.8133716583251953
3.813370943069458
3.8133695125579834
3.813369035720825
3.813368558883667
3.8133676052093506
3.813366651535034
3.813365936279297
3.8133652210235596
3.8133652210235596
3.813364028930664
3.813363790512085