22.45772361755371
15.203232765197754
11.300399780273438
8.4041166305542
6.841465950012207
5.85605525970459
4.866393089294434
4.232080936431885
3.8446662425994873
3.686265230178833
3.0859766006469727
2.7740325927734375
2.5396132469177246
2.3580543994903564
2.252105951309204
2.051886558532715
1.9441989660263062
1.8152210712432861
1.7306538820266724
1.6343810558319092
1.5655114650726318
1.4902395009994507
1.4343810081481934
1.3747446537017822
1.328548550605774
1.2796953916549683
1.2409932613372803
1.2006704807281494
1.1680034399032593
1.1341521739959717
1.1062473058700562
1.0774691104888916
1.0534476041793823
1.0287846326828003
1.0079641342163086
0.9866126179695129
0.9684234857559204
0.9498018026351929
0.9338274598121643
0.9174872040748596
0.9033782482147217
0.8889415860176086
0.8764122724533081
0.8635957837104797
0.8524255752563477
0.8409907817840576
0.8309891819953918
0.8012431263923645
0.7653919458389282
0.7410683035850525
0.7193447351455688
0.6994487643241882
0.681033194065094
0.6638854146003723
0.6478536128997803
0.6328239440917969
0.6187015175819397
0.6054052114486694
0.5928672552108765
0.5810249447822571
0.5698253512382507
0.559221625328064
0.549167275428772
0.5396239757537842
0.5305580496788025
0.521934986114502
0.5137261152267456
0.5059049129486084
0.498445987701416
0.49132686853408813
0.484527051448822
0.4780271351337433
0.4616716206073761
0.449100136756897
0.43752697110176086
0.42678290605545044
0.4167543947696686
0.4073575437068939
0.39852651953697205
0.3902086913585663
0.38235917687416077
0.3749389350414276
0.3679162561893463
0.3612578809261322
0.35494115948677063
0.34893980622291565
0.3432326912879944
0.33780014514923096
0.3326234519481659
0.327687531709671
0.322976678609848
0.3184765875339508
0.3141748011112213
0.3100586235523224
0.30611932277679443
0.3023441433906555
0.2987247705459595
0.29525184631347656
0.29191821813583374
0.28871607780456543
0.2856374979019165
0.28267696499824524
0.27982768416404724
0.2770839333534241
0.2744406461715698
0.2718925476074219
0.2694346308708191
0.2670634090900421
0.2647745609283447
0.26256293058395386
0.26042643189430237
0.2583605945110321
0.2563624978065491
0.2544293701648712
0.2525578439235687
0.2507458031177521
0.24898932874202728
0.24728752672672272
0.2456376850605011
0.24403740465641022
0.24248483777046204
0.24097736179828644
0.23951426148414612
0.23809270560741425
0.23671187460422516
0.2353699803352356
0.23406562209129333
0.23279699683189392
0.23156268894672394
0.230361208319664
0.22919298708438873
0.22805380821228027
0.22694583237171173
0.22586654126644135
0.22481437027454376
0.22378897666931152
0.22278940677642822
0.22181455790996552
0.22086402773857117
0.21993647515773773
0.2190314680337906
0.2181479036808014
0.21728630363941193
0.2164442092180252
0.2156222015619278
0.2148183435201645
0.2140337973833084
0.21326689422130585
0.21251702308654785
0.21178404986858368
0.21106790006160736
0.21036750078201294
0.20968154072761536
0.20901118218898773
0.2083549201488495
0.20771275460720062
0.20708434283733368
0.20646876096725464
0.2058658003807068
0.20527608692646027
0.20469845831394196
0.204132542014122
0.20357733964920044
0.20303402841091156
0.20250141620635986
0.20197920501232147
0.20146773755550385
0.20096531510353088
0.20047350227832794
0.19999048113822937
0.19951726496219635
0.19905322790145874
0.19859778881072998
0.19815026223659515
0.1977122277021408
0.1972815990447998
0.19685877859592438
0.19644443690776825
0.1960364580154419
0.19563688337802887
0.1952442079782486
0.19485853612422943
0.1944795697927475
0.19410715997219086
0.19374190270900726
0.1933818757534027
0.19302864372730255
0.19268222153186798
0.19234132766723633
0.19200560450553894
0.1916763335466385
0.19135251641273499
0.19103382527828217
0.19072018563747406
0.19041237235069275
0.1901092380285263
0.18981139361858368
0.18951813876628876
0.18922924995422363
0.1889452040195465
0.1886662095785141
0.18839135766029358
0.1881212592124939
0.18785522878170013
0.18759293854236603
0.18733510375022888
0.1870812177658081
0.18683069944381714
0.1865846961736679
0.18634207546710968
0.18610388040542603
0.18586817383766174
0.18563668429851532
0.18540892004966736
0.18518437445163727
0.18496280908584595
0.18474441766738892
0.1845296323299408
0.1843181550502777
0.1841093897819519
0.1839040219783783
0.18370115756988525
0.18350094556808472
0.18330474197864532
0.18310995399951935
0.18291889131069183
0.18272994458675385
0.1825437992811203
0.18236030638217926
0.18217945098876953
0.18200097978115082
0.18182523548603058
0.18165181577205658
0.18148024380207062
0.1813117414712906
0.18114504218101501
0.18098032474517822
0.18081852793693542
0.18065887689590454
0.1805005967617035
0.1803445667028427
0.18019095063209534
0.1800387054681778
0.17988960444927216
0.17974118888378143
0.17959558963775635
0.17945146560668945
0.17930950224399567
0.1791691780090332
0.17903029918670654
0.17889359593391418
0.1787586212158203
0.17862451076507568
0.17849275469779968
0.17836269736289978
0.1782340407371521
0.1781073361635208
0.17798151075839996
0.17785771191120148
0.17773526906967163
0.17761507630348206
0.1774950921535492
0.17737692594528198
0.17725977301597595
0.17714478075504303
0.17703187465667725
0.176918625831604
0.17680734395980835
0.17669765651226044
0.17658929526805878
0.17648155987262726
0.17637570202350616
0.17627008259296417
0.17616701126098633
0.17606405913829803
0.17596255242824554
0.17586244642734528
0.175763338804245
0.1756652295589447
0.1755681037902832
0.17547236382961273
0.17537784576416016
0.17528408765792847
0.17519152164459229
0.17509934306144714
0.17500829696655273
0.17491908371448517
0.17483001947402954
0.17474251985549927
0.17465533316135406
0.17456911504268646
0.17448380589485168
0.17439988255500793
0.17431700229644775
0.17423424124717712
0.17415305972099304
0.17407222092151642
0.17399275302886963
0.17391356825828552
0.17383529245853424
0.17375802993774414
0.17368058860301971
0.17360499501228333
0.1735302358865738
0.17345555126667023
0.1733824908733368
0.17330941557884216
0.1732366979122162
0.17316590249538422
0.1730947196483612
0.17302554845809937
0.17295537889003754
0.17288649082183838
0.1728188693523407
0.17275184392929077
0.172684907913208
0.17261870205402374
0.17255377769470215
0.17248861491680145
0.17242436110973358
0.17236022651195526
0.17229774594306946
0.17223522067070007
0.17217335104942322
0.17211207747459412
0.17205160856246948
0.17199161648750305
0.17193183302879333
0.17187285423278809
0.1718144714832306
0.1717562973499298
0.1716989427804947
0.17164190113544464
0.17158560454845428
0.17152948677539825
0.17147418856620789
0.17141929268836975
0.17136484384536743
0.1713111251592636
0.17125669121742249
0.17120438814163208
0.17115144431591034
0.17109915614128113
0.17104777693748474
0.17099618911743164
0.17094595730304718
0.17089547216892242
0.17084544897079468
0.17079558968544006
0.1707465797662735
0.17069782316684723
0.17064958810806274
0.17060178518295288
0.17055396735668182
0.17050740122795105
0.17046065628528595
0.1704142838716507
0.1703682839870453
0.17032283544540405
0.17027759552001953
0.170232892036438
0.170188307762146
0.17014442384243011
0.1701006293296814
0.17005686461925507
0.17001353204250336
0.16997165977954865
0.169928640127182
0.16988664865493774
0.1698451191186905
0.16980348527431488
0.1697627604007721
0.1697215437889099
0.16968098282814026
0.16964103281497955
0.16960078477859497
0.16956177353858948
0.16952241957187653
0.16948339343070984
0.1694449782371521
0.16940633952617645
0.16936837136745453
0.16933079063892365
0.1692931205034256
0.16925610601902008
0.1692187488079071
0.16918238997459412
0.1691453754901886
0.1691097766160965
0.1690736562013626
0.16903790831565857
0.16900311410427094
0.16896764934062958
0.16893257200717926
0.1688980907201767
0.16886399686336517
0.16882972419261932
0.16879576444625854
0.16876213252544403
0.16872882843017578
0.16869528591632843
0.16866269707679749
0.16863007843494415
0.16859763860702515
0.16856534779071808
0.16853322088718414
0.16850095987319946
0.1684701293706894
0.16843822598457336
0.16840684413909912
0.16837625205516815
0.16834525763988495
0.16831451654434204
0.16828444600105286
0.1682540327310562
0.16822412610054016
0.16819438338279724
0.16816486418247223
0.1681358367204666
0.16810664534568787
0.16807770729064941
0.16804887354373932
0.16802063584327698
0.1679919958114624
0.16796372830867767
0.16793523728847504
0.16790713369846344
0.16788046061992645
0.16785261034965515
0.16782544553279877
0.1677982658147812
0.16777139902114868
0.16774441301822662
0.16771763563156128
0.16769105195999146
0.16766487061977386
0.1676388531923294
0.16761282086372375
0.1675870418548584
0.16756166517734528
0.1675361841917038
0.16751046478748322
0.16748495399951935
0.1674606055021286
0.16743546724319458
0.16741026937961578
0.167385995388031
0.16736117005348206
0.1673375964164734
0.16731324791908264
0.16728922724723816
0.167265847325325
0.16724161803722382
0.167218416929245
0.16719502210617065
0.16717150807380676
0.1671481430530548
0.16712501645088196
0.1671024113893509
0.16707941889762878
0.1670570969581604
0.1670343577861786
0.16701218485832214
0.1669897437095642
0.16696791350841522
0.16694577038288116
0.16692368686199188
0.16690212488174438
0.1668805032968521
0.1668594479560852
0.1668378710746765
0.16681647300720215
0.1667955070734024
0.16677457094192505
0.16675402224063873
0.166733056306839
0.16671207547187805
0.16669200360774994
0.16667120158672333
0.16665132343769073
0.16663065552711487
0.16661100089550018
0.166590616106987
0.16657119989395142
0.16655099391937256
0.1665317267179489
0.16651228070259094
0.16649238765239716
0.16647350788116455
0.16645438969135284
0.1664346307516098
0.16641582548618317
0.1663968712091446
0.16637825965881348
0.16635945439338684
0.16634123027324677
0.16632243990898132
0.16630375385284424
0.1662854254245758
0.16626743972301483
0.16624881327152252