4.185914039611816
4.158105373382568
4.155067443847656
4.151783466339111
4.1511454582214355
4.137786865234375
4.130074501037598
4.11884880065918
4.110711097717285
4.086222171783447
4.072487831115723
4.060320854187012
4.049469470977783
4.041264533996582
4.028231620788574
4.020509243011475
4.011489391326904
4.004910469055176
3.9976112842559814
3.9918859004974365
3.9858272075653076
3.9808967113494873
3.9758050441741943
3.9715042114257812
3.9671413898468018
3.9633843898773193
3.95963454246521
3.956336259841919
3.9530789852142334
3.9501678943634033
3.947319269180298
3.9447438716888428
3.94224214553833
3.939953565597534
3.9377429485321045
3.9357030391693115
3.9337432384490967
3.9319190979003906
3.930175542831421
3.928539991378784
3.926982879638672
3.9255120754241943
3.92411732673645
3.92279314994812
3.921541213989258
3.920344591140747
3.9185822010040283
3.9148335456848145
3.912076711654663
3.90948486328125
3.9070286750793457
3.904700994491577
3.9024922847747803
3.9003944396972656
3.898401975631714
3.8965072631835938
3.8947033882141113
3.892984390258789
3.891343832015991
3.889777421951294
3.8882813453674316
3.886850118637085
3.8854806423187256
3.8841686248779297
3.882910966873169
3.8817055225372314
3.8805484771728516
3.879437208175659
3.8783700466156006
3.8773441314697266
3.8763577938079834
3.8747758865356445
3.8727638721466064
3.870866060256958
3.869069814682007
3.8673646450042725
3.865741014480591
3.8641929626464844
3.8627147674560547
3.8613007068634033
3.859945297241211
3.858646869659424
3.8573997020721436
3.8562028408050537
3.8550517559051514
3.853945255279541
3.852879762649536
3.8518543243408203
3.850865125656128
3.8499133586883545
3.848994016647339
3.8481080532073975
3.8472518920898438
3.846426010131836
3.845628023147583
3.8448562622070312
3.8441109657287598
3.8433899879455566
3.8426918983459473
3.8420166969299316
3.8413631916046143
3.8407304286956787
3.8401169776916504
3.839522123336792
3.838946580886841
3.8383877277374268
3.837846517562866
3.837320327758789
3.8368098735809326
3.836315155029297
3.835833787918091
3.83536696434021
3.834913730621338
3.834472417831421
3.8340437412261963
3.8336265087127686
3.833221673965454
3.83282732963562
3.832443952560425
3.83207106590271
3.83170747756958
3.8313539028167725
3.83100962638855
3.830673933029175
3.830347776412964
3.830029010772705
3.829718589782715
3.829416275024414
3.8291213512420654
3.828834295272827
3.8285539150238037
3.828279972076416
3.8280131816864014
3.8277528285980225
3.8274991512298584
3.8272507190704346
3.8270084857940674
3.826772451400757
3.8265411853790283
3.8263161182403564
3.8260955810546875
3.825881242752075
3.8256707191467285
3.825464963912964
3.8252639770507812
3.8250675201416016
3.824876070022583
3.8246877193450928
3.824504852294922
3.8243255615234375
3.8241498470306396
3.8239784240722656
3.823810338973999
3.823645830154419
3.8234848976135254
3.8233277797698975
3.8231735229492188
3.8230226039886475
3.8228745460510254
3.8227298259735107
3.8225884437561035
3.8224499225616455
3.8223137855529785
3.822180986404419
3.822050094604492
3.821922779083252
3.8217971324920654
3.821674346923828
3.821554660797119
3.821436643600464
3.8213207721710205
3.8212077617645264
3.821096181869507
3.820988178253174
3.8208811283111572
3.8207764625549316
3.8206734657287598
3.820573091506958
3.82047438621521
3.8203771114349365
3.820281744003296
3.820188283920288
3.820096731185913
3.8200066089630127
3.819918394088745
3.819831609725952
3.819746732711792
3.8196632862091064
3.819580554962158
3.81950044631958
3.8194215297698975
3.8193438053131104
3.819267749786377
3.8191921710968018
3.8191189765930176
3.81904673576355
3.8189759254455566
3.8189055919647217
3.8188369274139404
3.818770170211792
3.8187031745910645
3.818638324737549
3.8185741901397705
3.8185112476348877
3.8184494972229004
3.8183884620666504
3.818328857421875
3.818269729614258
3.818211555480957
3.818155288696289
3.818098783493042
3.8180439472198486
3.8179900646209717
3.817937135696411
3.8178842067718506
3.817833185195923
3.817782163619995
3.817732334136963
3.8176825046539307
3.817634344100952
3.8175861835479736
3.817539691925049
3.8174939155578613
3.817448377609253
3.817403793334961
3.817359209060669
3.8173160552978516
3.8172736167907715
3.8172309398651123
3.817190170288086
3.8171489238739014
3.817108631134033
3.8170692920684814
3.8170299530029297
3.8169918060302734
3.816953659057617
3.8169162273406982
3.8168795108795166
3.8168435096740723
3.816807508468628
3.816772222518921
3.8167378902435303
3.8167030811309814
3.816669225692749
3.816635847091675
3.816603183746338
3.816570997238159
3.8165395259857178
3.8165078163146973
3.816476583480835
3.81644606590271
3.8164150714874268
3.8163857460021973
3.8163559436798096
3.8163270950317383
3.816298723220825
3.816269636154175
3.816242218017578
3.8162147998809814
3.8161873817443848
3.8161606788635254
3.816133975982666
3.816107988357544
3.81608247756958
3.816056966781616
3.816030740737915
3.8160064220428467
3.8159821033477783
3.81595778465271
3.8159337043762207
3.8159101009368896
3.8158867359161377
3.815863609313965
3.81584095954895
3.8158185482025146
3.815796375274658
3.81577467918396
3.8157522678375244
3.8157308101654053
3.8157100677490234
3.8156888484954834
3.8156681060791016
3.815647840499878
3.815627336502075
3.8156070709228516
3.815587282180786
3.8155677318573
3.8155484199523926
3.8155293464660645
3.8155105113983154
3.8154919147491455
3.8154735565185547
3.8154549598693848
3.815437078475952
3.8154194355010986
3.815401554107666
3.8153839111328125
3.815366744995117
3.815349578857422
3.8153328895568848
3.8153152465820312
3.8152992725372314
3.8152825832366943
3.8152663707733154
3.8152503967285156
3.815234422683716
3.815218687057495
3.8152027130126953
3.815187931060791
3.8151726722717285
3.815157175064087
3.8151421546936035
3.8151276111602783
3.815112829208374
3.815098524093628
3.8150837421417236
3.8150699138641357
3.8150556087493896
3.8150417804718018
3.8150277137756348
3.815014600753784
3.815000295639038
3.8149871826171875
3.8149735927581787
3.8149609565734863
3.8149476051330566
3.8149349689483643
3.8149220943450928
3.814908981323242
3.81489634513855
3.8148839473724365
3.8148720264434814
3.814859390258789
3.814847707748413
3.8148353099823
3.8148229122161865
3.8148117065429688
3.814800262451172
3.814788818359375
3.814777135848999
3.814765691757202
3.8147544860839844
3.8147430419921875
3.814732313156128
3.8147218227386475
3.8147099018096924
3.814699411392212
3.8146889209747314
3.8146779537200928
3.8146674633026123
3.8146564960479736
3.8146464824676514
3.81463623046875
3.814626693725586
3.8146164417266846
3.8146064281463623
3.814596176147461
3.8145864009857178
3.8145768642425537
3.8145673274993896
3.8145573139190674
3.8145482540130615
3.8145387172698975
3.8145298957824707
3.8145198822021484
3.8145108222961426
3.8145017623901367
3.81449294090271
3.814483404159546
3.8144748210906982
3.814464807510376
3.8144569396972656
3.814448595046997
3.8144397735595703
3.8144309520721436
3.814422369003296
3.8144137859344482
3.814405918121338
3.814397096633911
3.81438946723938
3.8143811225891113
3.814373016357422
3.8143649101257324
3.814357042312622
3.8143489360809326
3.8143410682678223
3.81433367729187
3.8143258094787598
3.8143179416656494
3.814310073852539
3.814302921295166
3.814295530319214
3.8142871856689453
3.8142802715301514
3.814272403717041
3.814265489578247
3.814258575439453
3.81425142288208
3.814244508743286
3.814237594604492
3.814230442047119
3.814223051071167
3.814215898513794
3.814209461212158
3.814202070236206
3.8141956329345703
3.8141891956329346
3.8141822814941406
3.8141751289367676
3.814168930053711
3.814162492752075
3.8141560554504395
3.814149856567383
3.814142942428589
3.814136266708374
3.8141307830810547
3.81412410736084
3.8141181468963623
3.8141121864318848
3.814105987548828
3.8140993118286133
3.814093828201294
3.8140876293182373
3.814081907272339
3.8140761852264404
3.814070224761963
3.8140640258789062
3.814058303833008
3.8140530586242676
3.814047336578369
3.8140411376953125
3.814035654067993
3.814030170440674
3.8140244483947754
3.814018964767456
3.8140132427215576
3.8140079975128174
3.8140029907226562
3.813997268676758
3.8139920234680176
3.8139867782592773
3.813981294631958
3.8139760494232178
3.8139712810516357
3.8139657974243164
3.8139607906341553
3.813955783843994
3.813950300216675
3.8139455318450928
3.8139405250549316
3.8139359951019287
3.8139309883117676
3.8139264583587646
3.8139214515686035
3.8139169216156006
3.8139119148254395
3.8139069080352783
3.813901901245117
3.813896894454956
3.8138930797576904
3.8138890266418457
3.8138837814331055
3.8138790130615234
3.8138749599456787
3.8138699531555176
3.8138656616210938
3.8138606548309326
3.813857316970825
3.8138527870178223
3.813847780227661
3.8138434886932373
3.81384015083313
3.813835620880127
3.813831090927124
3.8138272762298584
3.8138229846954346
3.8138186931610107
3.813814640045166
3.813810348510742
3.8138065338134766
3.813802719116211
3.813798189163208
3.8137948513031006
3.8137905597686768
3.813786268234253
3.8137829303741455
3.813779592514038
3.8137753009796143
3.8137710094451904
3.813767671585083
3.8137643337249756
3.8137595653533936
3.8137567043304443
3.8137524127960205
3.813749074935913
3.8137454986572266
3.813741683959961
3.8137383460998535
3.813734531402588
3.8137309551239014